ncpu        =          4
ndim        =          3
levelmin    =          5
levelmax    =          6
ngridmax    =      20000
nstep_coarse=        421

boxlen      =  0.100000000000000E+01
time        =  0.661305271983144E+00
aexp        =  0.100000000000000E+01
H0          =  0.100000000000000E+01
omega_m     =  0.100000000000000E+01
omega_l     =  0.000000000000000E+00
omega_k     =  0.000000000000000E+00
omega_b     =  0.450000000000000E-01
unit_l      =  0.617136000000000E+20
unit_d      =  0.700000000000000E-22
unit_t      =  0.115630000000000E+16

ordering type=hilbert                                                                         
   DOMAIN   ind_min                 ind_max
       1   0.000000000000000E+00   0.524352000000000E+06
       2   0.524352000000000E+06   0.104864000000000E+07
       3   0.104864000000000E+07   0.157292800000000E+07
       4   0.157292800000000E+07   0.209715200000000E+07
